111.45
109.11
139.86
129.78
120.56
123.06
143.92
149.85
153.06
154.47
164.45
167.87
161.03
155.91
154.23
155.13
150.79
146.80
146.42
143.28
144.52
142.82
141.18
139.24
137.47
135.21
135.31
140.99
139.64
141.87
141.80
141.24
140.57
139.62
138.54
138.57
138.38
139.34
138.35
137.29
138.21
138.54
137.32
135.63
133.94
132.41
131.10
129.73
129.24
128.58
127.93
127.74
126.88
129.24
130.70
131.66
132.05
132.41
134.11
134.35
133.66
133.16
132.49
131.81
131.03
130.53
129.83
129.13
128.41
127.44
126.51
125.94
125.42
124.65
123.90
123.16
122.44
121.86
121.38
120.83
120.37
120.14
119.76
119.17
119.66
119.97
121.03
123.05
125.20
126.05
127.84
129.18
129.32
128.74
128.50
128.40
128.19
127.73
127.32
126.79
126.36


125.86
125.44
124.92
124.69
124.15
124.12
123.63
123.23
122.75
122.53
122.54
122.31
122.27
122.63
122.62
122.87
123.44
123.77
123.93
123.92
124.74
125.21
125.16
125.60
125.68
125.53
125.52
125.57
125.76
125.74
125.78
125.62
125.62
125.55
125.49
125.52
125.44
125.50
125.46
126.07
126.64
126.87
127.98
128.21
128.52
128.85
129.41
129.79
130.17
130.72
131.16
131.25
132.13
132.91
133.35
134.08
135.16
136.21
136.96
137.96
138.58
139.27
139.81
141.27
142.36
143.99
144.45
145.38
146.37
147.62
148.50
148.79
150.03
150.71
152.00
152.54
153.58
154.18
154.86
155.25
155.73
156.37
157.05
157.82
158.27
159.55
160.01
160.70
161.90
162.67
163.14
163.69
164.19
164.44
164.45
165.70
166.46
166.70
167.01
167.25


167.52
168.16
168.21
168.52
169.24
169.59
170.39
170.28
170.67
170.86
171.09
171.18
171.51
171.67
171.87
172.58
172.71
173.05
173.44
173.54
173.95
174.39
174.59
174.47
174.77
174.99
175.31
175.34
175.88
176.26
176.32
176.44
176.48
177.01
177.15
177.44
177.90
177.91
178.47
178.78
178.62
178.62
179.15
180.33
180.63
180.86
181.56
181.81
182.22
182.72
183.72
183.97
184.64
185.35
186.03
186.14
186.60
186.87
187.82
188.05
188.20
188.71
189.39
190.08
190.14
190.90
191.55
192.06
192.88
193.42
193.46
193.94
194.44
195.24
195.82
196.52
196.22
196.88
196.75
196.93
197.42
198.20
198.63
199.40
200.14
200.80
201.13
201.73
202.49
202.71
203.12
203.64
204.51
205.39
206.03
206.80
207.47
208.48
209.15
209.69


210.14
211.03
211.04
210.77
211.16
211.56
211.81
211.73
212.08
212.62
213.20
213.66
214.28
214.91
215.32
215.87
216.45
217.25
218.26
219.00
219.86
220.40
220.94
221.45
222.78
223.52
224.44
225.30
225.99
226.88
227.19
227.66
228.76
229.26
229.64
230.11
229.86
229.86
229.98
230.32
230.89
231.50
232.22
232.86
233.89
234.71
235.40
236.02
236.80
237.96
238.12
239.30
240.23
240.74
241.56
242.15
242.99
243.50
244.40
245.04
246.10
246.65
247.08
247.35
247.96
248.59
248.72
249.22
249.79
250.08
250.60
251.35
251.94
252.12
253.57
254.56
255.02
255.68
256.28
256.65
257.42
259.00
259.78
260.46
261.76
262.90
263.47
263.82
264.21
264.15
264.20
264.58
265.16
265.84
266.18
267.14
267.17
267.31
267.39
267.61


267.70
268.35
268.33
268.99
269.27
269.44
269.65
269.44
269.27
269.41
269.30
269.47
269.79
269.29
269.15
268.77
268.99
268.80
268.87
268.45
268.32
268.84
268.52
269.08
269.02
269.07
268.80
268.70
268.93
269.40
270.31
270.71
270.99
271.32
271.72
271.75
272.13
272.60
271.99
272.09
272.52
273.50
273.35
273.65
273.99
273.80
273.96
274.23
274.57
274.88
275.08
275.93
276.94
277.37
277.86
279.40
279.20
279.83
280.68
281.77
282.05
282.21
282.49
282.71
283.22
283.33
283.70
284.53
285.13
285.48
285.96
286.47
286.89
287.55
287.51
288.27
289.52
290.49
290.64
290.93
291.46
291.93
292.53
292.71
293.02
293.29
294.15
295.53
295.61
296.07
297.14
297.91
297.92
297.17
297.51
297.77
297.48
297.62
297.99
299.29


299.23
299.08
299.61
299.59
299.59
299.63
299.77
300.49
300.96
300.71
301.09
302.00
302.39
302.63
303.39
304.21
304.69
305.22
305.75
305.48
306.31
306.63
307.22
307.20
307.49
307.36
307.26
307.11
307.25
308.10
308.20
308.29
309.69
309.62
309.73
309.98
309.97
310.39
310.45
310.90
310.99
311.62
311.44
311.63
312.21
312.48
313.52
313.78
313.70
313.87
314.88
314.77
315.15
315.90
315.97
316.05
316.44
316.81
317.46
317.68
318.25
318.52
318.42
318.41
319.00
319.30
319.94
320.14
320.16
321.50
321.75
322.29
323.09
323.54
323.24
323.64
323.68
324.05
324.49
324.58
325.56
326.03
326.57
326.57
327.29
327.37
328.05
328.10
328.57
328.24
327.98
328.53
328.52
328.78
329.00
329.83
329.90
329.78
330.22
329.96


330.78
330.80
330.88
330.99
331.27
331.34
331.83
333.07
333.26
333.65
333.66
334.24
334.80
335.31
335.44
336.42
336.89
337.12
337.08
337.32
337.90
337.50
337.57
338.04
337.95
338.36
338.70
339.29
339.23
339.49
339.60
339.18
339.12
339.76
339.94
339.59
340.02
340.68
341.38
341.85
342.50
342.52
341.89
341.87
342.43
342.33
342.87
343.48
344.04
344.38
345.16
345.47
345.57
345.13
345.91
346.39
346.59
347.16
347.57
347.60
348.09
348.56
348.38
349.40
349.58
349.91
350.41
350.72
350.61
350.81
351.17
350.98
351.71
351.80
351.85
352.16
352.67
352.88
353.27
353.46
352.76
352.75
352.53
352.81
352.70
352.30
352.19
352.01
352.27
351.99
351.80
351.18
352.21
352.23
353.18
353.41
353.62
354.47
354.65
354.94


355.56
354.90
354.56
354.56
354.18
353.22
353.79
353.96
353.79
353.66
353.96
354.10
354.31
355.27
354.98
355.03
355.62
355.77
355.76
356.10
356.31
356.90
356.94
357.26
357.69
357.35
356.85
356.73
356.78
356.90
356.88
357.70
358.20
359.04
361.25
361.62
361.64
360.86
361.10
360.88
361.07
361.67
362.35
362.86
362.72
362.78
362.85
362.92
362.86
361.87
362.02
362.66
362.33
362.63
362.56
362.66
362.58
362.18
361.77
362.04
362.40
362.20
362.29
362.23
362.03
361.69
362.44
362.05
361.91
363.19
363.05
363.44
364.15
365.22
365.32
365.58
366.09
366.57
367.19
367.41
368.23
368.23
367.59
367.94
367.98
369.29
369.81
369.46
369.33
369.61
370.44
370.24
370.55
371.48
372.53
372.66
372.46
372.18
372.64
373.14


372.64
373.09
372.98
373.66
373.98
374.78
376.00
376.48
376.40
376.81
376.55
377.56
377.97
378.63
379.26
379.88
380.36
381.13
381.24
380.41
380.53
380.94
380.60
381.19
381.12
381.10
381.32
381.76
382.36
384.25
384.42
384.54
384.22
384.74
384.38
384.88
384.63
384.97
385.50
386.31
387.63
387.52
387.93
388.36
389.04
388.54
389.20
390.15
390.19
391.23
391.66
391.24
391.63
392.63
392.85
393.21
393.10
392.31
392.47
393.33
393.36
393.48
394.33
394.43
395.16
394.52
394.79
395.30
396.95
398.11
398.27
399.43
399.64
399.82
400.34
400.36
401.26
401.57
402.73
403.45
403.38
403.62
404.19
404.17
404.03
404.04
404.10
403.70
403.47
403.35
404.18
405.38
405.76
406.43
406.69
406.69
407.02
407.72
408.00
408.13


408.27
408.78
409.00
409.23
409.62
409.96
410.78
411.18
411.77
411.66
411.75
411.43
411.82
411.46
411.88
412.24
412.27
412.36
412.80
412.98
412.90
413.64
414.14
413.93
414.45
414.43
414.95
415.52
415.27
415.56
416.61
416.62
417.39
417.55
418.21
418.70
419.20
418.97
419.47
420.35
420.13
420.05
420.13
420.67
420.73
421.64
421.66
421.20
421.49
421.98
421.80
422.21
422.68
422.67
423.65
424.17
424.65
426.06
426.05
425.80
425.98
426.96
427.62
427.10
428.11
427.87
427.74
427.45
427.24
427.18
427.22
427.01
427.32
427.11
427.48
427.72
427.59
427.96
428.31
429.30
429.66
430.39
430.11
429.78
428.21
428.16
427.88
428.45
428.13
428.52
429.32
429.02
429.07
429.07
429.59
429.86
430.28
430.60
430.91
431.75


431.62
431.81
433.04
432.97
433.70
434.67
435.32
436.34
436.93
437.54
437.63
437.29
437.69
438.01
438.92
438.78
438.35
438.71
438.54
438.18
438.87
439.21
439.05
439.68
440.51
440.62
441.30
442.30
442.53
442.56
442.27
442.46
442.21
442.40
443.24
441.98
441.91
443.14
443.99
443.57
444.00
444.53
445.23
445.23
444.13
444.14
444.22
444.77
445.55
445.69
445.99
447.00
447.05
446.71
446.75
447.11
446.03
445.81
446.06
446.00
446.97
446.25
446.51
446.90
447.22
447.60
447.30
447.14
447.22
447.26
448.18
449.07
449.84
450.44
451.26
452.09
452.51
452.10
451.49
450.32
450.13
450.60
450.77
450.99
451.12
450.84
451.03
451.93
453.45
452.84
451.95
452.33
452.78
453.45
453.36
453.79
454.72
454.60
455.50
455.47
456.38
456.94
456.92
457.20
457.01
457.28
457.49
458.21
458.68
458.53
458.40